'1715,0,6568,6031,547,20,74,0,0,0,14955,502000,25','flat,international'#Shuangbashi
'476,0,1104,2610,1330,176,606,0,0,0,6302,502000,25'

'3711,0,0,1988,77,4559,83,1617,0,0,12035,383000,25','archipelago,bumpy,canal,european'#Sebascodegan
'631,0,0,664,185,842,257,441,0,0,3020,383000,25'

'891,0,3377,0,1379,2944,0,0,0,0,8591,100000,25','valley,canal,european'#Sumpftal
'61,0,288,0,361,194,20,0,0,0,924,100000,25'

'3874,0,0,3266,171,1490,128,0,3270,0,12199,223000,25','valley,layered,canal,european'#Trollstigen
'115,0,0,92,56,38,40,0,141,0,482,223000,25'

'163,0,3978,1511,79,0,0,0,0,0,5731,60000,25','valley,bumpy,european'#Niflheim
'15,0,380,418,250,0,0,0,0,0,1063,60000,25'

'626,0,4749,0,2187,293,0,0,1579,0,9434,100000,25','bumpy,layered,european'#Paradis
'18,0,134,0,469,256,0,0,69,0,937,100000,25'

'0,899,0,0,0,1335,48,0,0,0,2282,138000,25','archipelago,international,flat'#Mahimahi
'0,151,0,0,0,707,68,0,0,0,926,138000,25'

'3524,0,253,0,0,198,0,4470,158,0,8603,244000,25','bumpy,singlebodied,international'#Bouvetoya
'277,0,5,0,0,352,0,637,5,0,1276,244000,25'

'4521,0,0,0,0,0,63,5966,0,0,10550,142500,25','flat,international'#Flaming Canyon
'39,0,0,0,0,0,86,220,0,0,345,142500,25'

'4221,0,183,3274,1339,4321,140,869,0,0,14347,729000,25','singlebodied,flat,canal,european'#Hansestadt
'229,0,37,684,380,412,216,182,0,0,2140,729000,25'

'2217,0,831,3595,47,616,24,397,0,0,7727,100000,25','flat,singlebodied,international'#Amun Demi
'583,0,161,986,70,558,24,197,0,0,2579,100000,25'

'11852,0,1327,3037,1600,0,2,5340,298,0,23456,675000,25','flat,international'#Alpino
'418,0,157,456,512,0,168,442,20,0,2173,675000,25'

'1013,0,15476,0,5082,0,77,0,12,0,21660,732000,25','flat,international'#Salto Angel
'50,0,790,0,972,0,36,0,42,0,1890,732000,25'

'4283,0,0,0,0,7781,332,0,0,0,12396,415000,25','archipelago,international,flat'#Atoll
'312,0,0,0,0,461,84,0,0,0,857,415000,25'

'7396,0,0,4922,588,0,236,0,9310,0,22452,628000,25','flat,layered,international'#Pengfeixia
'313,0,0,617,229,0,263,0,974,0,1696,628000,25'